function [out,pos,fcshift]=shotListHighGFScan1208
% GF LP pos scan on 12/08/2015 (GF -50)

out=[
    168423:168430 ...
    168431:168439 ...
    168440:168448 ...
    168449:168456 ...
    168457:168464 ...
    168465:168472 ...
    168473:168480 ...
    168481:168488 ...
    168489:168497 ...
    168498:168505 ...
    ];

pos=[
    ones(1,8)*41.5 ...
    ones(1,9)*39.5 ...
    ones(1,9)*37.5 ...
    ones(1,8)*35.5 ...
    ones(1,8)*33.5 ...
    ones(1,8)*41.5 ...
    ones(1,8)*39.5 ...
    ones(1,8)*37.5 ...
    ones(1,9)*35.5 ...
    ones(1,8)*33.5 ...
    ];

fcshift=[
    ones(1,8)*+3 ...
    ones(1,9)*+3 ...
    ones(1,9)*+3 ...
    ones(1,8)*+3 ...
    ones(1,8)*+3 ...
    ones(1,8)*0 ...
    ones(1,8)*0 ...
    ones(1,8)*0 ...
    ones(1,9)*0 ...
    ones(1,8)*0 ...
    ];
    